 16.278820596099706 = objective
13 81 5 70
13 81 14 84
62 24 66 35
83 90 97 95
13 81 2 69
5 70 2 69
85 2 82 8
97 95 97 86
83 90 97 86
60 98 52 93
30 63 19 61
25 1 31 10
66 35 77 29
62 24 77 29
19 61 30 66
30 63 30 66
13 81 2 87
14 84 2 87
10 94 2 87
19 61 27 49
30 63 27 49
66 35 71 32
77 29 71 32
62 24 71 32
53 77 42 81
52 93 42 81
25 1 17 7
31 10 17 7
15 20 17 7
66 35 62 41
71 32 62 41
2 87 14 82
13 81 14 82
5 70 14 82
14 84 14 82
2 87 15 88
13 81 15 88
14 84 15 88
14 82 15 88
77 60 65 64
73 76 65 64
77 60 62 59
65 64 62 59
53 77 55 76
65 64 55 76
42 81 55 76
55 6 60 3
77 60 68 64
62 59 68 64
65 64 68 64
73 76 68 64
66 35 60 27
71 32 60 27
62 41 60 27
62 24 60 27
27 49 34 35
19 61 35 60
30 63 35 60
27 49 35 60
30 66 35 60
97 95 88 92
83 90 88 92
97 86 88 92
53 77 46 85
55 76 46 85
52 93 46 85
42 81 46 85
2 69 15 64
19 61 15 64
5 70 15 64
30 63 15 64
30 66 15 64
46 85 34 89
42 81 34 89
25 1 35 9
31 10 35 9
68 64 68 50
77 60 68 50
66 35 68 50
62 59 68 50
65 64 68 50
62 41 68 50
15 64 5 55
2 69 5 55
19 61 5 55
5 70 5 55
77 29 88 32
82 8 73 20
77 29 73 20
71 32 73 20
62 24 73 20
60 27 73 20
15 64 12 78
2 87 12 78
13 81 12 78
2 69 12 78
15 88 12 78
5 70 12 78
14 84 12 78
14 82 12 78
85 2 89 5
82 8 89 5
97 95 87 97
88 92 87 97
83 90 87 97
97 86 87 97
15 64 15 61
2 69 15 61
5 55 15 61
19 61 15 61
5 70 15 61
30 63 15 61
30 66 15 61
66 35 62 46
62 59 62 46
62 41 62 46
68 50 62 46
52 93 68 95
83 90 68 95
60 98 68 95
46 85 44 78
53 77 44 78
55 76 44 78
34 89 44 78
42 81 44 78
82 8 72 20
66 35 72 20
77 29 72 20
73 20 72 20
71 32 72 20
62 24 72 20
60 27 72 20
15 64 4 53
2 69 4 53
5 55 4 53
15 61 4 53
46 85 51 90
44 78 51 90
52 93 51 90
42 81 51 90
60 98 51 90
34 35 21 36
27 49 21 36
66 35 63 45
62 59 63 45
71 32 63 45
62 41 63 45
68 50 63 45
62 46 63 45
55 6 64 12
72 20 64 12
60 3 64 12
73 20 64 12
62 24 64 12
60 27 64 12
35 60 46 72
46 85 46 72
53 77 46 72
55 76 46 72
44 78 46 72
42 81 46 72
21 36 21 38
34 35 21 38
27 49 21 38
2 87 15 83
13 81 15 83
15 88 15 83
14 84 15 83
14 82 15 83
12 78 15 83
97 95 88 89
88 92 88 89
87 97 88 89
83 90 88 89
97 86 88 89
88 32 94 39
94 51 94 39
46 85 48 94
51 90 48 94
34 89 48 94
52 93 48 94
42 81 48 94
60 98 48 94
94 39 92 33
88 32 92 33
77 29 92 33
63 45 63 40
66 35 63 40
71 32 63 40
62 41 63 40
62 24 63 40
68 50 63 40
60 27 63 40
62 46 63 40
34 35 41 37
68 64 75 71
77 60 75 71
65 64 75 71
73 76 75 71
34 35 47 31
60 27 47 31
41 37 47 31
47 31 39 29
34 35 39 29
41 37 39 29
85 2 89 1
82 8 89 1
89 5 89 1
15 20 9 20
17 7 9 20
15 64 13 70
13 81 13 70
2 69 13 70
19 61 13 70
5 70 13 70
15 83 13 70
14 84 13 70
15 61 13 70
14 82 13 70
12 78 13 70
47 31 39 40
34 35 39 40
27 49 39 40
41 37 39 40
39 29 39 40
13 70 12 85
2 87 12 85
13 81 12 85
15 88 12 85
15 83 12 85
14 84 12 85
14 82 12 85
12 78 12 85
88 32 87 23
72 20 87 23
82 8 87 23
77 29 87 23
73 20 87 23
92 33 87 23
39 40 31 39
21 36 31 39
21 38 31 39
34 35 31 39
27 49 31 39
41 37 31 39
39 29 31 39
13 70 13 80
15 64 13 80
2 87 13 80
13 81 13 80
2 69 13 80
12 85 13 80
15 88 13 80
5 70 13 80
15 83 13 80
14 84 13 80
14 82 13 80
12 78 13 80
39 40 28 43
21 36 28 43
21 38 28 43
31 39 28 43
34 35 28 43
27 49 28 43
41 37 28 43
64 12 58 14
55 6 58 14
72 20 58 14
60 3 58 14
73 20 58 14
62 24 58 14
60 27 58 14
46 85 47 75
53 77 47 75
55 76 47 75
44 78 47 75
42 81 47 75
46 72 47 75
94 39 94 40
88 32 94 40
94 51 94 40
92 33 94 40
64 12 66 26
58 14 66 26
72 20 66 26
66 35 66 26
77 29 66 26
73 20 66 26
71 32 66 26
63 40 66 26
62 41 66 26
62 24 66 26
60 27 66 26
97 95 85 88
88 89 85 88
88 92 85 88
87 97 85 88
83 90 85 88
97 86 85 88
68 64 53 66
53 77 53 66
55 76 53 66
44 78 53 66
62 59 53 66
65 64 53 66
47 75 53 66
46 72 53 66
97 95 96 93
88 89 96 93
88 92 96 93
87 97 96 93
85 88 96 93
83 90 96 93
97 86 96 93
39 40 55 37
47 31 55 37
66 35 55 37
63 40 55 37
62 41 55 37
62 24 55 37
66 26 55 37
60 27 55 37
41 37 55 37
35 60 25 49
21 36 25 49
21 38 25 49
28 43 25 49
19 61 25 49
31 39 25 49
30 63 25 49
27 49 25 49
15 61 25 49
85 2 95 3
89 1 95 3
82 8 95 3
89 5 95 3
94 39 97 48
94 40 97 48
94 51 97 48
92 33 97 48
63 45 71 47
77 60 71 47
66 35 71 47
62 59 71 47
71 32 71 47
63 40 71 47
62 41 71 47
68 50 71 47
62 46 71 47
75 71 90 73
88 89 90 73
85 88 90 73
97 86 90 73
13 70 8 57
15 64 8 57
2 69 8 57
5 55 8 57
4 53 8 57
19 61 8 57
5 70 8 57
15 61 8 57
47 31 41 18
35 9 41 18
31 10 41 18
39 29 41 18
13 70
63 45
64 12
39 40
87 23
47 31
58 14
55 6
35 60
94 39
21 36
21 38
88 32
15 64
72 20
90 73
60 3
28 43
2 87
68 64
46 85
53 77
94 40
25 1
51 90
13 81
2 69
5 55
95 3
77 60
75 71
97 95
4 53
85 2
55 76
44 78
89 1
82 8
9 20
53 66
66 35
88 89
62 59
77 29
19 61
88 92
94 51
12 85
65 64
87 97
73 20
68 95
31 39
71 47
71 32
63 40
13 80
35 9
31 10
34 89
89 5
96 93
47 75
85 88
15 88
48 94
62 41
73 76
5 70
15 20
30 63
52 93
62 24
8 57
34 35
66 26
15 83
27 49
83 90
42 81
68 50
60 27
60 98
14 84
41 37
55 37
10 94
62 46
15 61
17 7
46 72
39 29
92 33
30 66
97 48
14 82
97 86
12 78
41 18
25 49
